graphType=powerlaw_cluster_graph
numberOfNodes=29
numberOfEdges=77
maxDegree=16
maxNumberOfColors=13
#
0 3 5 6 7 10 16 17 19 20 23 24
1 3 4 5 9 10 13 14 18 19 24 25 26 28
2 3 4 6 8 11 12 21
3 0 1 2 4 5 7 8 9 11 12 13 15 16 20 27 28
4 1 2 3 6 8 15 18 19 20 26
5 0 1 3 7 10 14 21 27
6 0 2 4 11 23 25
7 0 3 5 13 17 27
8 2 3 4 9 12 16
9 8 1 3
10 0 1 22 5 14
11 2 3 26 6 15
12 8 2 3
13 23 1 3 21 7
14 1 5 10 17 22 24
15 11 18 3 4
16 8 0 3
17 0 14 7
18 1 4 15
19 0 1 4 22
20 0 3 4
21 2 5 13
22 10 19 14
23 0 13 6
24 0 1 14 25
25 24 1 6
26 1 11 4
27 3 5 7
28 1 3
