graphType=powerlaw_cluster_graph
numberOfNodes=30
numberOfEdges=81
maxDegree=15
maxNumberOfColors=14
#
0 3 4 5 6 7 8 13 15 18 20 21 22 25 27 29
1 3 4 5 9 10 13 17 20 28
2 3 4 7 11 12 14 16 18 24 26
3 0 1 2 10 9
4 0 1 2 5 6 11 12 19 21
5 0 1 4 6 7 8 10 13 14 17 18 20 23
6 0 4 5 14 16 24
7 0 2 5 8 9 15 27
8 0 5 7 12 17 19 21 22 27
9 11 1 3 28 7
10 1 3 5
11 9 2 4
12 8 2 4
13 0 1 23 5 15
14 2 26 5 6
15 0 16 13 7
16 2 6 15 23 24 26 29
17 8 1 19 5 25
18 0 2 5
19 8 17 4 25
20 0 1 5
21 0 8 4 22
22 8 0 21
23 16 5 13
24 16 2 28 6
25 0 17 19
26 16 2 14
27 8 0 29 7
28 24 9 1
29 0 16 27
